 L_2        :    9.150049451E-04   2.013808208E-01   2.013808208E-01   1.635423992E-01   2.623066220E-01
 L_Inf      :    2.780234968E-03   6.285585995E-01   6.285585995E-01   5.855535550E-01   1.041299240E+00
