L_2        :    7.237412276E-06   2.470160811E-01   1.354558615E-01   8.461666786E-12   1.504225878E+00
L_Inf      :    1.653412464E-04   1.258421562E+00   4.686547939E-01   5.297783928E-11   3.416866472E+01
